3160
2865
2952
2869
3065
2952
3171
2988
3288
3302
2985
3071
3224
2737
2818
3007
2807
3072
3191
3239
3312
3309
3280
3244
3056
3260
3208
3282
3241
3325
3259
3094
3334
3559
3900
4039
4039
4039
4039
4039
4039
4039
4039
4039
4039
4039
4039
0
0
0
0
0
0
0
0
0
0
0
0
0
0
0
0
0
0
0
0
0
0
589
1991
3097
3192
2044
868
809
2458
3291
3750
3672
3632
3531
3453
3314
2908
2911
2865
2731
2354
2321
2605
2956
3249
3426
3372
3181
3021
2501
2209
2999
4039
4039
3429
3005
2490
2986
2990
3291
2846
1430
1715
2895
3720
4004
3630
3495
3285
3002
3182
3236
3301
3251
3143
2863
2681
2234
4039
4039
3015
2972
3107
3034
1321
3067
4039
3939
3184
2684
2762
2895
2769
2612
2673
4039
2848
2858
3173
1416
2924
3070
3229
3426
3400
3293
3028
3030
2739
2944
2866
3983
4039
3732
3005
2855
2422
1723
1719
2896
3114
3167
3247
3400
3498
3632
3094
2897
2834
2917
3056
4039
3411
2867
3351
2972
1834
2934
3307
3756
3548
3124
2727
2917
3069
4039
2588
2647
1233
2953
3985
3871
3520
2762
2499
3534
3188
2820
3306
1766
2681
3444
2946
4038
3446
2051
4039
4039
4039
4039
4039
4039
0
0
0
0
0
0
0
0
0
0
0
415
1302
1913
2984
3317
3357
3608
3415
3144
3046
2787
2735
2596
2870
3302
4039
4039
4039
3472
2978
2886
3053
3287
3262
2267
1757
751
1083
2023
2776
3409
3845
3871
3613
3669
3148
2672
2420
2603
2807
2976
3145
4039
4039
4039
3305
2949
2797
3055
3228
3513
3369
2840
1704
987
1694
2332
2839
3436
3403
3401
3300
3311
3026
2912
3679
4039
4039
4014
3221
2652
2808
2985
2996
2026
1583
2031
2440
3186
3436
3720
3391
3808
4039
4039
3521
2763
2912
2927
2297
1866
1674
2763
2856
3230
3733
3153
3255
3894
4039
3535
2978
2972
3041
3045
2817
3036
3059
3201
2791
910
674
1964
2834
3461
3313
3083
3093
2998
3003
3036
2815
2991
3240
3642
4039
4039
3838
3160
3027
2950
3088
2351
1195
1262
2203
2807
3052
3387
3308
3308
3215
3278
4039
4039
3543
2680
3068
3549
2525
1896
2893
3165
2961
2981
3106
3664
4039
4039
2741
2823
3755
1562
2492
3577
3552
2900
2720
3864
2772
3237
1471
3137
3865
2784
2214
4039
2914
3076
1514
3697
3550
2336
4039
2636
1243
3386
4039
2893
3602
2819
2302
4039
4039
4039
4039
4039
4039
4039
4039
1590
1647
2383
3046
3285
3676
4039
1946
3154
3199
3105
3191
3095
2981
3107
2978
3210
3139
3147
3174
3140
3127
2926
3211
3043
3037
3137
3208
2979
3059
104
1502
4038
4038
3357
1236
0
588
3198
4038
4038
2376
486
0
1296
3777
4038
3303
148
0
449
2238
4038
4038
3303
1144
0
1086
3977
4038
3078
968
0
772
2777
4038
4038
2081
322
127
1630
3775
4038
3977
1833
210
631
2617
4038
4038
3017
944
0
786
3545
4038
4038
2018
322
148
1681
3839
4038
3202
1086
0
1297
3300
4038
4038
2238
403
229
2119
4038
4038
2736
621
86
1799
3935
4038
2080
85
487
2440
4038
4038
1960
164
447
2982
4038
3544
944
